-359.486466 -371.863450 -186.957588
-393.826599 -377.745946 -428.615963
-370.269132 -390.825073 -328.325986
-361.919805 -366.694834 -296.946969
-98.493698 -264.073440 -201.983246
-393.552328 -280.015511 -255.960175
-277.410417 -257.252408 -311.323852
-270.490865 -265.303844 -82.991666
-229.233245 -284.695601 -292.441396
-251.021884 -362.159367 -256.568160
-296.150257 -330.795812 -325.017285
-233.275036 -248.588913 -249.446632
-169.594479 -183.864114 -162.886009
-221.306418 -225.066361 -220.829651
-272.090316 -266.859008 -245.376905
-189.417970 -192.755083 -172.528740
-164.614855 -193.636176 -263.412065
-177.716312 -173.165949 -153.979774
-178.020442 -144.921902 -227.869417
-188.271848 -96.496144 -196.627992
-144.345897 -139.461601 -58.388165
-147.366497 -147.589322 -148.763789
-145.312117 -83.959881 -152.205799
-138.919144 -70.928110 -141.084467
-109.095304 -67.205379 -50.117240
-115.392448 -113.669163 -51.310512
-112.816609 -81.296333 -119.977738
-108.143924 -110.612940 -55.768545
-91.670470 -94.462704 -57.990999
-65.089858 -95.020893 -99.981488
-85.005271 -73.065062 -98.506490
-90.686974 -90.039592 -60.186117
-77.353941 -81.522927 -50.000252
-81.236068 -81.913860 -81.833886
-79.629652 -72.406036 -67.304285
-82.909538 -78.284867 -80.704536
-83.064733 -71.569789 -84.436286
-71.477404 -65.005936 -73.711603
-65.102586 -62.504183 -81.612410
-65.358906 -67.781856 -65.407695
-87.820120 -87.562225 -59.334106
-75.764636 -80.774673 -81.633483
-64.947629 -77.341483 -82.235844
-66.224035 -74.523002 -48.180572
-46.052637 -48.079868 -61.008000
-57.515957 -46.985330 -63.557991
-52.261624 -48.364800 128.264807
-42.761552 -45.376621 -64.232000
45.071882 93.050767 5.268037
-87.553812 158.221985 -74.817105
7.300776 -41.263477 251.803044
210.664831 -74.101299 -47.773043
291.728473 257.847239 -5.743778
284.597819 -3.144732 -60.000000
280.648478 -2.867392 -2.167205
-1.196400 -1.196400 298.802830
-70.506283 -75.300000 -50.000000
-100.402827 -66.471300 -95.722935
-73.590080 -75.249616 -50.060540
-61.052234 -59.635706 -50.000000
-65.327198 -66.031028 -50.059068
-66.996077 -92.721703 -39.789754
-70.708564 -99.228674 -52.142096
-57.983623 -57.641106 -50.177380
-62.326564 -52.846607 -64.016912
-63.193538 -41.835599 -25.389764
-55.819643 -58.861936 -65.043083
-65.413999 -64.609133 -63.930597
-81.130941 -76.647203 -52.473668
-111.200030 -112.572187 -52.528983
-100.141102 -94.110775 -100.009835
-95.290647 -71.581290 -79.401933
-76.077606 -73.911404 -50.118708
-72.244401 -70.666660 -59.107276
-76.770075 -90.004089 -55.755934
-68.801337 -70.009822 -59.420137
-45.741747 -75.005150 -21.715194
-79.956760 -54.238817 -70.884026
-49.925635 -62.870775 -49.839666
-38.505225 -49.703113 51.851005
-66.673343 -39.577948 -15.485827
-66.931009 -39.869834 -66.392307
-59.237963 -5.672149 -59.454309
-24.084978 -28.406544 154.963108
8.277643 -30.253438 269.721404
9.427666 -44.064886 -10.730590
3.523636 -32.205450 -43.176461
-39.500176 231.554028 -29.746548
50.413355 31.770200 49.650870
230.730944 1.761503 -30.482201
17.570296 115.951399 -6.258538
6.327825 210.404686 -35.867059
292.160509 52.200029 24.043352
215.351932 54.516847 -7.124795
171.749311 278.373982 -8.800580
82.330672 50.510267 299.512417
